10773900
9540200
10310600
9743000
9895400
10271900
10648300
10614000
9382600
9315000
9484600
8158799
9831900
9505100
9212500
9224400
8515800
7664100
8098800
7513100
7524200
7537500
7527700
7542500
8521600
8061199
7976000
7993200
8135300
7913500
8123900
7461900
9389400
7429800
7637800
8009900
8709000
8409000
7776400
7729700
15827700
11818400
13145000
15438500
11573200
12291100
12203000
11852200
9726100
9539100
9261400
11091700
9759200
9206900
7593700
7367500
8197600
8136500
9768000
14863800
10248400
9361200
9446100
9358600
9531500
9258000
9273100
9297400
7910500
7456500
7865600
7450600
7524200
7872600
9673900
9357000
8037500
11598700
9655900
9598900
9065000
9604000
10743000
9583400
9763400
7394700
7456600
7427500
7494500
7488200
8509800
9283900
10133800
7682600
8071199
7948000
7946300
9703500
7669600
7616700
