8554700
9385300
9334500
7639600
8247000
7476900
7525300
7438800
8334099
7755800
9177500
9315100
9208200
102671300
157431600
136253300
154843500
142084400
256243700
141988300
183637300
138909100
98073700
94213700
89086100
97383200
132617799
134013900
92919600
87908400
128281500
112429700
103416600
100270600
135271900
169141300
354213300
143366800
131582900
99067400
104253600
93434000
98659000
104400400
117618200
84008100
76938400
104853800
122035700
132142900
62432400
21373200
12286200
12004600
9228900
9200400
14247800
10171800
9304500
9128400
8395600
9361100
9541500
8651500
7779800
7316400
7390100
7373000
7461700
7638900
7454700
7757400
7486800
7822700
7764900
8298600
9398700
9266200
8952900
7789600
8888700
14473400
7466400
11890900
8264200
7444600
8087999
8818700
7438400
7420500
10976300
11486300
11147100
10497800
11909600
12769100
9912100
11178000
9140400
9110400
